([[44, 25, 36, 9], [36, 25, 35, 17], [35, 24, 34, 25], [34, 16, 33, 24], [33, 16, 25, 24], [25, 16, 17, 24], [17, 16, 9, 25], [25, 17, 10, 33], [24, 17, 10, 34]], 30)
([[44, 25, 36, 9], [36, 24, 35, 17], [35, 16, 34, 25], [34, 16, 33, 25], [33, 16, 25, 17], [25, 24, 17, 16], [24, 16, 9, 17], [24, 17, 10, 25], [24, 17, 10, 33], [24, 17, 10, 34]], 29)
{1: [9], 9: [1, 17, 10], 10: [9], 16: [24, 17], 17: [9, 16, 25], 24: [16, 25], 25: [17, 24, 33], 28: [36], 33: [25, 34], 34: [33, 42, 35], 35: [34, 36], 36: [28, 35, 44], 42: [34], 44: [36]}
[44, 25, 36, 9]
[24, 17, 10, 34]

AND

([[53, 28, 60, 37], [61, 27, 59, 36], [60, 26, 51, 36], [59, 27, 43, 37], [59, 28, 35, 36], [59, 36, 27, 35], [59, 36, 26, 43], [59, 36, 26, 51]], 21)
([[53, 28, 60, 37], [61, 28, 59, 36], [60, 36, 51, 35], [59, 36, 43, 35], [59, 36, 35, 27], [59, 36, 27, 28], [59, 36, 26, 27], [59, 36, 26, 35], [59, 36, 26, 43], [59, 36, 26, 51]], 20)
{26: [27], 27: [26, 35, 28], 28: [27, 36], 35: [27, 43, 36], 36: [28, 35, 37], 37: [36], 43: [35, 51], 51: [43, 59], 53: [61], 59: [51, 60], 60: [59, 61], 61: [53, 60]}
[53, 28, 60, 37]
[59, 36, 26, 51]

([[1, 55, 28, 43], [9, 63, 27, 43], [17, 62, 26, 35], [25, 61, 26, 35], [26, 60, 27, 35], [27, 59, 35, 43], [27, 51, 35, 43], [27, 50, 43, 51], [27, 49, 51, 59], [27, 41, 59, 60], [27, 33, 60, 61], [27, 25, 61, 62], [27, 25, 53, 54], [27, 25, 54, 46], [27, 25, 46, 38], [27, 25, 38, 30]], 46)
([[1, 55, 28, 43], [9, 63, 27, 51], [17, 62, 35, 59], [25, 61, 43, 60], [26, 62, 51, 61], [27, 61, 59, 53], [27, 61, 60, 54], [27, 53, 61, 46], [27, 61, 62, 38], [27, 60, 54, 30], [27, 59, 46, 30], [27, 51, 38, 30], [27, 50, 38, 30], [27, 49, 38, 30], [27, 41, 38, 30], [27, 33, 38, 30], [27, 25, 38, 30]], 41)
{1: [9, 2], 2: [1, 10], 4: [12, 5], 5: [4, 13, 6], 6: [5, 14, 7], 7: [6, 15], 8: [9], 9: [1, 8, 17, 10], 10: [2, 9], 12: [4, 13], 13: [5, 12, 21, 14], 14: [6, 13, 22, 15], 15: [7, 14, 23], 17: [9, 25], 19: [27], 21: [13, 22], 22: [14, 21, 30, 23], 23: [15, 22, 31], 25: [17, 33, 26], 26: [25, 27], 27: [19, 26, 35, 28], 28: [27], 30: [22, 38, 31], 31: [23, 30], 32: [33], 33: [25, 32, 41], 35: [27, 43], 37: [38], 38: [30, 37, 46], 41: [33, 49], 43: [35, 51, 44], 44: [43], 46: [38, 54], 48: [49], 49: [41, 48, 50], 50: [49, 51], 51: [43, 50, 59], 53: [61, 54], 54: [46, 53, 62, 55], 55: [54, 63], 59: [51, 60], 60: [59, 61], 61: [53, 60, 62], 62: [54, 61, 63], 63: [55, 62]}
[1, 55, 28, 43]
[27, 25, 38, 30]

SMALL:

([[10, 7, 14], [16, 13, 14], [15, 19, 13], [14, 20, 19], [13, 21, 20]], 12)
([[10, 7, 14], [16, 8, 20], [15, 14, 20], [14, 8, 20], [13, 14, 20], [13, 15, 20], [13, 21, 20]], 11)
{6: [12, 7], 7: [6, 13, 8], 8: [7, 14], 10: [16, 11], 11: [10], 12: [6, 13], 13: [7, 12, 19, 14], 14: [8, 13, 20, 15], 15: [14, 21, 16], 16: [10, 15, 22], 19: [13, 20], 20: [14, 19, 26, 21], 21: [15, 20, 22], 22: [16, 21, 28], 26: [20], 28: [22, 34], 34: [28]}
[10, 7, 14]
[13, 21, 20]